docs/notebooks/catalog.ecsv
# %ECSV 1.0
# ---
# datatype:
# - {name: ra, unit: deg, datatype: float64}
# - {name: dec, unit: deg, datatype: float64}
# - {name: sigma_x, unit: arcsec, datatype: float64, description: positional uncertainty}
# - {name: flux, datatype: float64}
# - {name: flux_sigma, datatype: float64}
# - {name: significance, datatype: float64, description: Ratio of peak value to configured standard deviation.}
# - {name: time, unit: d, datatype: float64}
# - {name: exposures, datatype: int64}
# - {name: detectors, datatype: int64}
# - {name: peakValue, unit: ct, datatype: float32, description: 'value of [smoothed] image at peak position'}
# - {name: psi, datatype: float64}
# - {name: phi, datatype: float64}
# - {name: i_x, unit: pix, datatype: int32, description: column position of highest pixel}
# - {name: i_y, unit: pix, datatype: int32, description: row position of highest pixel}
# schema: astropy-2.0
ra dec sigma_x flux flux_sigma significance time exposures detectors peakValue psi phi i_x i_y
[from data line 7945]
216.14794862964243 -11.031174604103375 0.03418176308156358 2234.4968929274687 344.8023202835616 7.716987609863281 58577.23280570097 845882 1 15.912983 0.018794873013576407 8.411232556673098e-06 531 2182
216.17162987236995 -11.091997329309553 0.06404937970782452 1185.5183881411422 215.28621723273966 5.637513160705566 58577.23280570097 845882 1 6.309327 0.025578545245014427 2.1575831721278342e-05 1365 2504
216.1722310278314 -11.09076038901294 0.08092852704806308 1070.2356692504482 214.05555501674817 5.015268802642822 58577.23280570097 845882 1 5.579893 0.023357503123166753 2.1824635259564322e-05 1348 2512
216.17297105586673 -11.091709363437412 0.013115340483320609 4437.639391418183 353.59928101750387 12.458198547363281 58577.23280570097 845882 1 27.222597 0.03549190099769481 7.997923640738256e-06 1361 2522
216.17438069151183 -11.092732891835087 0.045225343661870344 1467.0366524794947 217.0592331030762 6.708942890167236 58577.23280570097 845882 1 7.5721602 0.031137549853377966 2.1224793396096277e-05 1375 2541
216.17525400444617 -11.064467122128011 0.06631928203574555 1131.7946864373446 215.06307815381084 5.540195941925049 58577.23280570097 845882 1 6.195027 0.024470110793445715 2.1620627033046565e-05 987 2551
216.1765946393385 -11.06425206325081 0.03453000634295742 1802.2672988467014 479.25131751193294 7.677975177764893 58577.23280570097 845882 1 22.599602 0.007846799790113691 4.353849062863749e-06 984 2569
216.17718272932692 -11.065856413529401 0.04794229858483886 1349.6618874939434 215.80544770797576 6.516067981719971 58577.23280570097 845882 1 7.3121095 0.028980119830959453 2.147213320572446e-05 1006 2577
216.17830441015388 -11.064693664072646 0.021732869783511976 2334.1184396814883 247.55650247334341 9.678019523620605 58577.23280570097 845882 1 12.672094 0.03808677611749717 1.631741366247655e-05 990 2592
216.18496929435213 -11.022531845112104 0.043541304085653834 1516.377180636265 224.5360584608528 6.837452411651611 58577.23280570097 845882 1 8.021408 0.03007703705463652 1.9834799308979532e-05 411 2679
216.1848156061017 -11.023624182114174 0.07336454995513854 1142.564179252949 215.37151539079125 5.267467975616455 58577.23280570097 845882 1 5.8954473 0.024632249598480194 2.155874483531041e-05 426 2677
216.18682943957427 -11.022536799927837 0.0077695286978822845 5833.1433371635585 320.298408908957 16.186304092407227 58577.23280570097 845882 1 31.916477 0.056858197253836194 9.747437010777148e-06 411 2704
216.18637619069415 -11.024065430211637 0.03178908131780097 1702.815386029095 218.37605954210548 8.002138137817383 58577.23280570097 845882 1 9.09231 0.03570734135555148 2.0969590507882205e-05 432 2698
216.18835860140246 -11.07980109304996 0.07808463875312563 1082.9326012812078 212.9356819468423 5.105781555175781 58577.23280570097 845882 1 5.6500626 0.02388386140570259 2.205479951148004e-05 1197 2728
216.189468192182 -11.130993343796222 0.02125965165725377 2079.3088564104814 238.53521468062303 9.785138130187988 58577.23280570097 845882 1 12.333355 0.036543824651031696 1.7574986293338564e-05 1900 2746
216.19227533496243 -11.036100639673787 0.054447479380123724 1256.363858834199 214.65157498247936 6.114432334899902 58577.23280570097 845882 1 6.821987 0.02726762269265997 2.1703603220457213e-05 597 2778
216.19251775440353 -11.081851878015424 0.051544961523201 1342.8042654257988 219.91909187531624 6.2842278480529785 58577.23280570097 845882 1 7.1983147 0.027764307463206156 2.067636228009909e-05 1225 2784
216.2037716086502 -11.010487904383682 0.019053602168341177 2296.9578523014106 229.21247558143895 10.336094856262207 58577.23280570097 845882 1 12.415692 0.04371963452370577 1.9033712124887876e-05 245 2931
216.20489318495893 -11.009179351539549 0.039378406939252694 1561.388438262722 220.61519653753155 7.189785957336426 58577.23280570097 845882 1 8.25712 0.03208042478794917 2.0546088341504203e-05 227 2946
216.20465786051585 -11.012020301553141 0.07170789698016088 1112.4639563774724 216.47393620291388 5.327967166900635 58577.23280570097 845882 1 5.997249 0.023739672349202386 2.133972270571904e-05 266 2943
216.20570598557669 -11.010493012601179 0.013885686412290533 3668.7649891604296 277.3211264390662 12.107691764831543 58577.23280570097 845882 1 19.267996 0.047703910530256834 1.3002716355831101e-05 245 2957
216.20926864522937 -11.064046123215226 0.02678545657145969 2528.7635301744776 295.2488015669025 8.717571258544922 58577.23280570097 845882 1 14.637527 0.029008944861870323 1.1471592545416372e-05 980 3008
216.21742847899114 -11.018246216672445 1.3859896130852975e-05 117404.16492483116 298.92820128224133 383.2348937988281 58577.23280570097 845882 1 608.24445 1.3138619215150056 1.1190931108416937e-05 351 3115
216.22385580468983 -11.029116893323256 0.005876643826301534 3682.7332852773716 217.15752399246517 18.6114559173584 58577.23280570097 845882 1 21.049028 0.07809451005634516 2.1205584007005635e-05 500 3202
216.22641035363463 -11.09381529421973 0.06100115170455559 1222.1171642906058 216.21988194212545 5.776649475097656 58577.23280570097 845882 1 6.4962215 0.02614096357302083 2.1389899705888426e-05 1388 3240
216.22700988403724 -11.092869890588126 0.014215354452481746 4495.447941770993 412.9829170585871 11.966473579406738 58577.23280570097 845882 1 30.830698 0.026357778117714448 5.863215069804754e-06 1375 3248
216.228416739624 -11.005815877582002 0.06576810561690706 1268.676945571089 214.5623578932813 5.5633625984191895 58577.23280570097 845882 1 6.2046275 0.027557764321693608 2.1721656106305778e-05 180 3262
216.23474136749815 -11.059595439466296 0.009421921602778294 3074.802896747185 211.02864601141434 14.698576927185059 58577.23280570097 845882 1 16.122156 0.06904535336738038 2.2455212800932062e-05 918 3350
216.2545673073591 -11.015060747397492 0.03374273130458555 2584.743515471603 359.7448459763411 7.76702880859375 58577.23280570097 845882 1 16.700329 0.019972309769648547 7.726998694493086e-06 306 3614
216.25724050493417 -11.110211041414003 0.0524948626600054 1419.580896255304 255.13175672539893 6.227111339569092 58577.23280570097 845882 1 8.538351 0.02180876674042995 1.5362820673312134e-05 1612 3655
216.25975249212263 -11.09630761583892 0.034340749221361565 1752.3201525244579 266.54112145650237 7.699103355407715 58577.23280570097 845882 1 10.936359 0.024665221180717265 1.407575045301147e-05 1421 3688
216.26179972578888 -11.086842353189367 0.0306764950834523 2308.409201953947 286.8915013847361 8.145957946777344 58577.23280570097 845882 1 12.59968 0.028046419799672675 1.2149674232771578e-05 1291 3715
216.2691621809593 -11.050283781120651 0.0078148455923679 5498.333198449923 347.7630313292441 16.139305114746094 58577.23280570097 845882 1 33.955315 0.04546364259569789 8.268622681600107e-06 789 3812
216.26915332736232 -11.110388778030401 0.07568622361030693 1169.2240802265574 240.57103186591337 5.186048984527588 58577.23280570097 845882 1 6.596476 0.02020277788507481 1.727879046175663e-05 1614 3815
216.2750087162009 -11.058823129853899 0.018430322295464843 3365.2789568437006 303.4415553774375 10.509415626525879 58577.23280570097 845882 1 18.554775 0.03654861787220653 1.0860501712014247e-05 906 3891
215.99646968964686 -11.105082324037925 0.08109550832202705 2173.7760754145493 347.6970652943924 5.01010274887085 58577.23280570097 845882 1 10.232233 0.01798095501230708 8.271760470488216e-06 1551 151
216.06897724367568 -11.006683675861405 0.010057327727383339 3950.6339703490307 245.26200964620722 14.226685523986816 58577.23280570097 845882 1 18.671803 0.0656759296207789 1.6624149469098135e-05 198 1119
216.07016713766907 -11.006760135717204 0.002357465061984791 17191.957997860638 553.2049269487401 29.384777069091797 58577.23280570097 845882 1 105.26441 0.05617631698586786 3.267592731023332e-06 199 1135
216.069952433048 -11.005009380342221 0.05136073326154834 1546.811939059703 219.6038226440056 6.295488357543945 58577.23280570097 845882 1 7.189398 0.03207433968396372 2.0735771992722983e-05 175 1132
216.19132648810856 -11.081921629377813 0.07448356814143363 1390.8782264824263 215.44088765193456 5.227749824523926 58577.23280570097 845882 1 5.853885 0.029966281089393983 2.1544863179848337e-05 1226 2768
216.1910229049115 -11.083232224458037 0.03795916907066494 1887.6342602412356 220.51121241454757 7.322960376739502 58577.23280570097 845882 1 8.409424 0.038820086335582496 2.0565470310239745e-05 1244 2764
216.1912423112406 -11.084107047294664 0.04411286074107493 1762.8597093331257 218.39524667420588 6.793012619018555 58577.23280570097 845882 1 7.717355 0.036959951132626095 2.0965906099588447e-05 1256 2767
216.1919908774978 -11.083161890092104 0.011555316598853267 5239.923586895878 459.6528635388227 13.272541999816895 58577.23280570097 845882 1 39.93434 0.02480076137508032 4.7330387483326355e-06 1243 2777
216.19250608455124 -11.084474606345651 0.044347873415262834 1837.4383522611204 222.71463104186998 6.774989604949951 58577.23280570097 845882 1 7.8720136 0.03704377860068821 2.0160555892992418e-05 1261 2784
216.1934753609286 -11.084112860759545 0.07428839843924229 1488.8699418871242 219.20866615628614 5.234612464904785 58577.23280570097 845882 1 5.9719753 0.0309842739102913 2.0810598050639073e-05 1256 2797
216.19362876176388 -11.083093302162055 0.02335876046423348 2413.503545608197 225.67216654466878 9.335124969482422 58577.23280570097 845882 1 11.010065 0.047390571332607725 1.963559217422464e-05 1242 2799
216.19736472840438 -11.130139958167268 0.007301190800064882 3703.2690257321897 256.89018480599566 16.69737434387207 58577.23280570097 845882 1 23.1748 0.05611645661465973 1.515322171431083e-05 1888 2852
216.19751298664326 -11.130285783769054 0.009697459792983592 4152.793808651246 283.8622233667677 14.488253593444824 58577.23280570097 845882 1 22.256147 0.05153771602813195 1.2410372005652382e-05 1890 2854
216.20487045136116 -11.116697832029862 0.002140514957011797 13032.98281801289 441.66224509369397 30.83797836303711 58577.23280570097 845882 1 90.41435 0.06681335361498188 5.126482137507242e-06 1703 2952
216.2052350140687 -11.11844564821962 0.04597292011257469 1804.8014360663776 219.34101598401625 6.654171466827393 58577.23280570097 845882 1 7.600634 0.037513684909502396 2.07854915005302e-05 1727 2957
216.20605625512377 -11.117938255809205 0.05754100838615799 1635.5534923463254 217.78853680130652 5.947799205780029 58577.23280570097 845882 1 6.739885 0.03448218030706712 2.1082881402796448e-05 1720 2968
216.20613583627292 -11.116773860451024 0.036499931342770305 2083.1568410292098 221.09216365733488 7.46790885925293 58577.23280570097 845882 1 8.604216 0.042616253741451324 2.045753488268134e-05 1704 2969
216.20396961784124 -11.11836963709086 0.07331910459849608 1454.4729252750844 216.20625091366443 5.269100189208984 58577.23280570097 845882 1 5.924956 0.0311149529978813 2.139259690378666e-05 1726 2940
216.27806368458303 -11.116964727299385 0.01592448984292141 2475.7152724808575 213.5445292583954 11.306085586547852 58577.23280570097 845882 1 12.548421 0.054290494342273996 2.192921574857465e-05 1704 3935
215.98694637994691 -11.117797099809673 0.006782468805867792 2305.898983506806 221.8942865864247 13.115674018859863 58577.33304221975 845940 1 27.700447 0.04683257506023308 2.030989882696865e-05 1765 69
215.99199861510144 -11.033105580494341 0.006892545812272718 4207.409865684848 323.38514327969966 13.010520935058594 58577.33304221975 845940 1 43.2008 0.040232284432004106 9.562245114300367e-06 603 131
215.99789735880503 -11.058421970654477 0.010800271805299683 2756.449154828716 287.83245303309087 10.393628120422363 58577.33304221975 845940 1 29.95781 0.033271353456611155 1.207036719626291e-05 950 212
215.99834385052964 -11.114766490753956 0.02083594190107649 321.99278361241136 390.6204007692812 7.483037948608398 58577.33304221975 845940 1 30.171124 0.0021102615989592077 6.5537543272999825e-06 1723 222
216.00460540383668 -11.02526940100337 0.01080917437918692 1857.6174370377037 183.9762649723949 10.389347076416016 58577.33304221975 845940 1 16.93156 0.05488234804609353 2.9544483676689128e-05 495 300
216.0087912952929 -11.005304315006954 0.001006176114546465 6233.05523822344 183.12429239120215 34.05238342285156 58577.33304221975 845940 1 55.249416 0.18586989627999825 2.982003033442959e-05 221 355
216.01538915626813 -11.02544762284729 0.03087160575693129 1641.9955588119847 259.65616571137514 6.147590160369873 58577.33304221975 845940 1 15.709144 0.02435424657734027 1.483210258800032e-05 497 445
216.02121895660346 -11.019486774385115 0.005826138951112654 2683.2949181919635 229.91537782098763 14.151226997375488 58577.33304221975 845940 1 30.484764 0.050761257044575576 1.891750947703472e-05 415 523
216.0234441616354 -11.109366571680555 0.004495664145249991 2951.3632916289985 184.81748451635485 16.109704971313477 58577.33304221975 845940 1 26.372795 0.08640453980678117 2.9276145045190413e-05 1648 559
216.03109942362101 -11.09670690022598 0.04213371832614247 1031.3646716842131 199.88940736540857 5.262227535247803 58577.33304221975 845940 1 9.488305 0.025812655795516483 2.502767110818771e-05 1474 661
216.033528241869 -11.087530829443994 0.0004046120150255927 10320.53147403515 192.49508872450093 53.69886779785156 58577.33304221975 845940 1 91.58539 0.27852408465763356 2.6987378058809936e-05 1348 693
216.03479338159292 -11.043073031381446 0.04387003825069238 1156.6862017185654 260.1547367484115 5.157040119171143 58577.33304221975 845940 1 12.632086 0.017090394175488244 1.4775307382500035e-05 738 707
216.03617474132122 -11.002690188665843 0.023848625954296654 1238.2864138002653 182.6566631135384 6.994438171386719 58577.33304221975 845940 1 11.318986 0.03711505163859442 2.9972913556153296e-05 184 723
216.0360916607716 -11.095335327351465 0.03626517147501338 1059.7459795491704 215.8875117318622 5.67204475402832 58577.33304221975 845940 1 10.907538 0.02273771067677191 2.1455812162122877e-05 1455 728
216.03677925265697 -11.120839664467011 0.000918166808854125 10469.990654759777 290.47760543712894 35.64706039428711 58577.33304221975 845940 1 95.5881 0.12408548497820547 1.185153731935709e-05 1805 739
216.03724573414576 -11.04359024632541 0.014597477734577568 2262.036926033095 298.23006322581494 8.940166473388672 58577.33304221975 845940 1 26.036203 0.025432956531563817 1.1243386984033574e-05 745 740
216.03839144318587 -11.052777821625112 0.022535833546200174 1617.620855358818 234.66642178640555 7.195280075073242 58577.33304221975 845940 1 15.688284 0.029374794362457234 1.8159257940539696e-05 871 756
216.03980872269054 -11.12521833870969 0.017542056335665208 1515.088307510693 231.60591046287493 8.155381202697754 58577.33304221975 845940 1 17.779373 0.028244810821909598 1.8642352846294573e-05 1865 780
216.04346324432433 -11.12355195968315 0.040672546136963465 952.5173226264789 182.00877313019708 5.355916976928711 58577.33304221975 845940 1 8.634803 0.028753335918152982 3.0186680320803306e-05 1842 829
216.05447242016723 -11.002817563407794 0.03308843309404867 1409.3806025017468 233.3688140277715 5.938085079193115 58577.33304221975 845940 1 12.409172 0.02587871165660602 1.836176233067884e-05 185 969
216.05569142061194 -11.044370915859604 0.028289580348799654 1662.7967113853294 271.2597400243567 6.422014236450195 58577.33304221975 845940 1 16.766954 0.022597920399738906 1.3590308571702582e-05 755 988
216.0584605581526 -11.040880043543748 0.0072961650612579304 4813.567115854867 440.9012801587133 12.64553451538086 58577.33304221975 845940 1 63.333008 0.024761919761697407 5.14419331147101e-06 707 1025
216.06391072669481 -11.067861403922539 0.03692745124924114 1535.0489828664588 375.96435739813404 5.6209516525268555 58577.33304221975 845940 1 22.104805 0.010859976598519363 7.0746775638651555e-06 1077 1100
216.065704353337 -11.06626287746537 0.0016209398569260061 5046.949496583651 187.75354697619008 26.82878875732422 58577.33304221975 845940 1 44.610752 0.14317020878689576 2.8367672171835605e-05 1055 1124
