docs/notebooks/catalog.ecsv
# %ECSV 1.0
# ---
# datatype:
# - {name: ra, unit: deg, datatype: float64}
# - {name: dec, unit: deg, datatype: float64}
# - {name: sigma_x, unit: arcsec, datatype: float64, description: positional uncertainty}
# - {name: flux, datatype: float64}
# - {name: flux_sigma, datatype: float64}
# - {name: significance, datatype: float64, description: Ratio of peak value to configured standard deviation.}
# - {name: time, unit: d, datatype: float64}
# - {name: exposures, datatype: int64}
# - {name: detectors, datatype: int64}
# - {name: peakValue, unit: ct, datatype: float32, description: 'value of [smoothed] image at peak position'}
# - {name: psi, datatype: float64}
# - {name: phi, datatype: float64}
# - {name: i_x, unit: pix, datatype: int32, description: column position of highest pixel}
# - {name: i_y, unit: pix, datatype: int32, description: row position of highest pixel}
# schema: astropy-2.0
ra dec sigma_x flux flux_sigma significance time exposures detectors peakValue psi phi i_x i_y
[from data line 5428]
216.18395261799782 -11.087298443683942 0.01213567774650649 3216.2302848166178 303.0498537398586 11.178298950195312 58577.373365429696 845963 1 24.71011 0.03502022883175348 1.0888594948278168e-05 1350 2703
216.18525969045652 -11.022613615929977 0.03246901764269709 1673.88189206864 239.91256818952584 6.8339715003967285 58577.373365429696 845963 1 11.329864 0.029081634488500315 1.7373767304788898e-05 462 2717
216.18622648247032 -11.022761836608787 0.03312681906004536 1931.2916531003075 618.8370635164961 6.765779972076416 58577.373365429696 845963 1 33.351112 0.005043072714803064 2.611243468435959e-06 464 2730
216.19294776112707 -11.073046842822846 0.008176345833374963 2966.665113020273 220.90953517618533 13.618463516235352 58577.373365429696 845963 1 20.555744 0.06079104385428494 2.049137382830359e-05 1154 2823
216.19268022631837 -11.083314542319885 0.0022322177001022473 14994.063124661856 507.97894641632524 26.06390380859375 58577.373365429696 845963 1 110.44439 0.058106927086699775 3.8753289621094746e-06 1295 2820
216.1951551361917 -11.004716617178884 1.1345817324127752e-05 114938.2656938055 305.9264606373524 365.58624267578125 58577.373365429696 845963 1 777.38086 1.2280910187009841 1.0684788145077876e-05 216 2849
216.19637676092967 -11.07188996417852 0.001320157116814567 15933.895989554745 452.1714485983705 33.891822814941406 58577.373365429696 845963 1 128.21452 0.0779319790984667 4.890955680240036e-06 1138 2869
216.2045207596595 -11.116985735574866 0.015244025705426429 3047.1674008349396 464.2183920244496 9.973736763000488 58577.373365429696 845963 1 40.25355 0.01414007222202257 4.6403988891939834e-06 1757 2981
216.20502530299032 -11.011006662997715 0.004085063336326806 6700.439976638192 351.31639869923384 19.26674461364746 58577.373365429696 845963 1 53.781155 0.0542883293047801 8.10220366036592e-06 302 2982
216.20593595015953 -11.116916293913084 0.03810851125977091 1500.339009341157 234.80437785604104 6.3080735206604 58577.373365429696 845963 1 10.171501 0.027213037576215883 1.813792576663452e-05 1756 3000
216.20711059993613 -11.049335503116383 0.016030876405760872 2089.8072649954383 225.32469860224663 9.725884437561035 58577.373365429696 845963 1 14.980387 0.041161257760198286 1.9696198041635258e-05 828 3012
216.2128165904245 -11.09239274256732 0.008566243786080853 3886.739136711584 298.1329243862008 13.304927825927734 58577.373365429696 845963 1 29.387066 0.04372859394347307 1.1250714906601656e-05 1419 3091
216.21750610525905 -11.110316978903175 0.014273880935850145 2193.238729216106 223.54365954956387 10.30710506439209 58577.373365429696 845963 1 15.736679 0.04388955662513312 2.0011299290168863e-05 1665 3155
216.22614207143147 -11.09286172565501 0.036239727376793034 1539.4032705166126 237.11388295784337 6.468674182891846 58577.373365429696 845963 1 10.588966 0.02738031497297571 1.7786317268110698e-05 1425 3270
216.22740752116988 -11.092937581874471 0.02994752792646161 2108.2582662850464 292.06616640587134 7.1158576011657715 58577.373365429696 845963 1 15.4348 0.024715039638791885 1.1722965840585633e-05 1426 3287
216.25384321426114 -11.029773743875145 0.00754183785056495 2981.6662433561096 291.7413466254924 14.179768562316895 58577.373365429696 845963 1 31.443504 0.035031849145860015 1.1749084668319148e-05 558 3639
216.25441791679125 -11.015130300451034 0.010619434142542659 3891.7707378009213 322.38944553805743 11.949701309204102 58577.373365429696 845963 1 29.924465 0.03744429150896077 9.62140219239096e-06 357 3646
216.25533110646174 -11.072540337829238 0.039203565402813965 1682.2509971507689 278.2376114165447 6.219349384307861 58577.373365429696 845963 1 12.413166 0.02172996974367631 1.2917198313735818e-05 1145 3661
216.25570101359241 -11.030506456937946 0.038680380519850656 1419.7234046161109 228.27016535336296 6.2612690925598145 58577.373365429696 845963 1 9.762381 0.02724616830761112 1.9191180633511078e-05 568 3664
216.25661182603363 -11.10837250733033 0.010632766136822921 2615.1002675295035 223.31160110979118 11.942207336425781 58577.373365429696 845963 1 18.218613 0.052440373271193406 2.0052911133971185e-05 1637 3680
216.25683036026308 -11.109683896559748 0.05415202893536322 1289.1390447755139 277.07146664037833 5.291762828826904 58577.373365429696 845963 1 10.348147 0.01679253086075269 1.3026159535550244e-05 1655 3683
216.25993494767698 -11.096000688321915 0.02297104575181696 1765.20449656402 288.01496817475345 8.124887466430664 58577.373365429696 845963 1 16.27673 0.021279670928873576 1.2055074055325923e-05 1467 3724
216.26552467724846 -11.052312848789231 0.013244178369743868 2379.0978948854863 223.5983036107699 10.700282096862793 58577.373365429696 845963 1 16.345568 0.047585573090173514 2.000151956439941e-05 867 3797
216.26977184135964 -11.050864961576961 0.03983441359958379 1709.001939882319 278.209353038863 6.169905662536621 58577.373365429696 845963 1 12.523768 0.022080001728028775 1.2919822507368945e-05 847 3854
216.27532708771844 -11.059036433169094 0.02053533574198809 2707.607002546438 308.1433401836676 8.59323787689209 58577.373365429696 845963 1 19.86804 0.0285154386616217 1.0531601755647562e-05 959 3929
216.22492803786645 -11.061252462270389 0.0058759531576624965 3429.8824268145636 225.09143946724714 16.064550399780273 58577.373365429696 845963 1 24.74057 0.06769573003710348 1.9737040986554917e-05 991 3252
216.2259703667603 -11.061182109806195 0.007970747846046098 3031.5190928034935 224.53143855053318 13.792983055114746 58577.373365429696 845963 1 21.16262 0.06013204725872502 1.9835615550458565e-05 990 3266
216.24694281648817 -11.005206603107363 0.017513178621303943 2813.5089979523414 255.20407653569254 9.305190086364746 58577.373365429696 845963 1 16.85057 0.04319894032896872 1.5354114865247883e-05 221 3545
216.24783262040546 -11.005936983863329 0.0602049555463961 1376.5633822289305 267.8237221822962 5.018704414367676 58577.373365429696 845963 1 9.622842 0.019191023167631195 1.3941256476368785e-05 231 3557
215.98787746434718 -11.001446644975305 0.003989029866323077 3611.1844943184888 200.66912194320867 19.080799102783203 58577.309025622904 845926 1 27.650923 0.08967854972205369 2.4833555267847934e-05 147 49
215.98705905904086 -11.118835213000889 0.046468328069250255 881.4621211426772 233.82352139511133 5.590513229370117 58577.309025622904 845926 1 9.986916 0.016122309749010643 1.8290416981401992e-05 1757 46
215.98855182153196 -11.103745546170414 0.009668064680134937 2865.8384958018337 249.58120571842733 12.256329536437988 58577.309025622904 845926 1 23.109201 0.046007428008015105 1.60537406680144e-05 1550 65
215.988746226823 -11.09506975222155 0.0012131410849058177 6589.69386065132 198.62664398506985 34.599876403808594 58577.309025622904 845926 1 49.620872 0.1670283647774637 2.534690811280795e-05 1431 67
215.9915245724804 -11.032810777159035 0.005128278715547192 6655.346993893028 366.04978993454375 16.828460693359375 58577.309025622904 845926 1 51.457317 0.04966956763542246 7.463107134909637e-06 577 100
215.9966580506072 -11.104932420867941 0.005542222490070034 6355.77034563352 423.09827330390635 16.187814712524414 58577.309025622904 845926 1 54.82912 0.035504687171548324 5.586213038037224e-06 1566 174
215.99794288615638 -11.058422301517405 0.009463544584908853 3581.3110941807927 293.2947295533424 12.388059616088867 58577.309025622904 845926 1 29.221994 0.04163259966042005 1.1624960402928444e-05 928 188
216.0081704506691 -11.03709087529919 0.0008159414115593529 8882.92685459419 250.91231327288816 42.189144134521484 58577.309025622904 845926 1 78.977974 0.1410951667554104 1.5883860023280154e-05 635 324
216.00866649786462 -11.026958545628705 0.019193399139274432 1671.740400259623 195.81405966803257 8.698698043823242 58577.309025622904 845926 1 12.295975 0.0435994584754036 2.6080280448227823e-05 496 330
216.0090559935363 -11.067785689218299 0.023614344010050487 1826.3053509033593 275.16201529865026 7.842278480529785 58577.309025622904 845926 1 16.964485 0.024121062190395226 1.3207573519107328e-05 1056 338
216.01232136068126 -11.009109266807476 0.0014037073753795782 6196.37231182379 193.31134980738113 32.165618896484375 58577.309025622904 845926 1 44.885357 0.16581461161050004 2.6759949736089292e-05 251 378
216.01536925432134 -11.025521375522574 0.012917065073592075 2918.778225230215 298.1664854837007 10.603476524353027 58577.309025622904 845926 1 25.130735 0.032830949651225474 1.1248182327602494e-05 476 420
216.01960136972215 -11.100543904479336 0.026106890743696893 1799.768246871786 272.99587880921626 7.458519458770752 58577.309025622904 845926 1 15.569534 0.024149292040389042 1.3418000946712678e-05 1505 482
216.02179546644047 -11.019563723682843 0.008911905967164815 2721.002661882425 251.5158456607295 12.765707969665527 58577.309025622904 845926 1 24.392471 0.043012854449161 1.5807722297266756e-05 394 506
216.02680694009015 -10.996910904125853 0.03361852406761167 1259.39720499452 206.47235629976166 6.57265567779541 58577.309025622904 845926 1 9.848288 0.02954193219576139 2.345720006254098e-05 83 572
216.02736308431966 -11.110622815926561 0.007110100427437063 2740.0641507032997 194.3047521193691 14.291977882385254 58577.309025622904 845926 1 20.044617 0.07257614331180406 2.6487023412636436e-05 1643 587
216.03139907759055 -11.001517306491975 0.0027873451906060484 9862.599199214897 419.5253803466684 22.826263427734375 58577.309025622904 845926 1 79.981224 0.05603700361234343 5.681768312840311e-06 146 634
216.03499828133704 -11.043076046169054 0.04033560752088042 1357.0965922993178 260.802585816464 6.000478744506836 58577.309025622904 845926 1 11.958005 0.01995202470506931 1.4701993077194864e-05 716 685
216.03698337140798 -11.121216371069984 0.009847488761731638 2387.0167145361966 241.71527968129243 12.144159317016602 58577.309025622904 845926 1 21.942614 0.04085519153935202 1.711558670308276e-05 1788 717
216.03767354624904 -11.043667050414728 0.007578736901172107 3705.6538631968515 283.7811249443928 13.843050003051758 58577.309025622904 845926 1 31.130651 0.04601483175646136 1.2417466243532136e-05 724 721
216.03776130550725 -11.085212395276034 0.017364675627115495 2376.1851682210563 265.5667351727346 9.14527702331543 58577.309025622904 845926 1 19.02445 0.03369247631956544 1.4179230124893633e-05 1294 725
216.03879514688836 -11.086745692142264 0.000542635983086806 10474.812909601387 202.43902401145343 51.73398208618164 58577.309025622904 845926 1 75.60812 0.25559820825859164 2.4401219426487904e-05 1315 739
216.03867051423612 -11.052635334896829 0.03885520363567744 1275.8059371943564 246.08146337896326 6.113720893859863 58577.309025622904 845926 1 11.3235 0.021068170161440164 1.6513616645938714e-05 847 735
216.04106629139056 -11.123194595403751 0.05239624673525641 954.7411784314598 192.60139323625862 5.2647786140441895 58577.309025622904 845926 1 7.3198085 0.025737526424342037 2.6957595425627402e-05 1815 772
216.04611150934093 -11.005135112951663 0.010770016192499862 3071.973314676466 288.42566501118057 11.612401008605957 58577.309025622904 845926 1 25.8775 0.03692747676156557 1.202076742826612e-05 195 832
216.06862219659388 -11.011398908015222 0.026888868235209033 1931.1518308838824 296.5284079553816 7.3492655754089355 58577.309025622904 845926 1 16.910713 0.021962602856406117 1.1372799644838852e-05 280 1135
216.0699072020008 -11.006738808751606 0.0018377646685288785 18230.70492220376 545.9000238644502 28.11157989501953 58577.309025622904 845926 1 139.68 0.0611754588033223 3.3556277206162633e-06 216 1152
216.07014191405077 -11.067299930660976 0.001981816048536744 5351.462411100195 198.33377206228087 27.070640563964844 58577.309025622904 845926 1 38.74567 0.13604391955143824 2.542182100901075e-05 1047 1159
216.07461285973645 -11.080938749892264 0.050743273713917264 1112.441960186794 229.9455457914178 5.349842071533203 58577.309025622904 845926 1 9.254892 0.021039109737477486 1.8912545993810532e-05 1234 1220
216.08329808010157 -11.006341842269311 0.007205936534306027 5446.945920947357 308.87283273008484 14.19662094116211 58577.309025622904 845926 1 37.520325 0.05709441681646175 1.0481913653097484e-05 210 1332
216.08673560574715 -11.127899093262007 0.046384171275160306 987.0352668555589 193.5916214628744 5.595582485198975 58577.309025622904 845926 1 7.81778 0.026336590774975764 2.6682522559581265e-05 1878 1386
216.0871563086308 -11.087311419749241 0.033820277454614085 884.4869969326975 217.9447602119006 6.5530219078063965 58577.309025622904 845926 1 10.6447735 0.01862081083068623 2.1052667699198666e-05 1321 1389
216.0942736816828 -11.04652609169887 0.010128944471116485 3959.92685254048 292.85791891103884 11.974244117736816 58577.309025622904 845926 1 28.934107 0.04617141877663307 1.1659664558453124e-05 761 1482
216.09971705780842 -11.075031137349068 0.04824286999045406 1202.6400855730733 216.38685233144534 5.486730575561523 58577.309025622904 845926 1 8.76981 0.025684666814595605 2.1356902304114146e-05 1152 1557
216.1065372393552 -11.127000387408065 0.015541631523156737 2406.0561058489006 264.1009868418079 9.666781425476074 58577.309025622904 845926 1 19.652699 0.03449575877934635 1.4337055023567549e-05 1865 1652
216.1105694278503 -11.01312542551834 0.04631038334006385 1817.0938606733905 305.1558455222489 5.600038528442383 58577.309025622904 845926 1 13.877319 0.01951344612717684 1.0738821229600885e-05 302 1699
216.111053228926 -11.054004864090398 0.007591884098342891 2549.072980463183 200.16634411602593 13.831058502197266 58577.309025622904 845926 1 20.098936 0.06362095079300252 2.4958465795452506e-05 863 1708
216.11238291297147 -11.056048636092878 0.0016613755267580923 5802.965033499167 197.9615445840718 29.566253662109375 58577.309025622904 845926 1 42.248867 0.14807723154895194 2.5517512287965988e-05 891 1726
216.11463124405742 -11.068368001222785 0.051357490944046374 1091.6459718294207 229.64738109464193 5.317754745483398 58577.309025622904 845926 1 9.068332 0.02069945077860734 1.8961688416179866e-05 1060 1757
216.11621765034445 -11.031285321180679 0.02455636890154605 2078.2295892169827 245.95415339758335 7.690385818481445 58577.309025622904 845926 1 14.918057 0.034354624199594716 1.6530716518447103e-05 551 1776
216.1184076113587 -11.119378085118287 0.006074643891656439 4675.660146593132 319.11286211225683 15.462146759033203 58577.309025622904 845926 1 40.006042 0.04591497142357415 9.819997601200675e-06 1760 1811
216.1187346711625 -11.081784349524952 0.03520809186992178 1321.8442606076987 216.3583617517053 6.422571659088135 58577.309025622904 845926 1 10.216163 0.02823793414198654 2.136252732905506e-05 1244 1813
216.12093995510446 -11.006087200407253 0.056475257705616656 1168.4854759783736 223.22159214293356 5.07108736038208 58577.309025622904 845926 1 8.403474 0.023450435675092914 2.006908614371766e-05 205 1838
216.12092874879784 -11.121424629274998 0.0013530914556396734 10937.77205758713 373.4602022216135 32.761714935302734 58577.309025622904 845926 1 110.38599 0.07842241504121858 7.1698710329970566e-06 1788 1845
216.1231050221461 -11.11764095784159 0.01417385516023913 3078.135569147913 324.94657361615236 10.12246322631836 58577.309025622904 845926 1 26.614235 0.02915169553824476 9.470569077733802e-06 1736 1874
216.13738897576349 -11.055241815427221 0.009434186070546195 2235.123115106953 194.97050854758862 12.407320022583008 58577.309025622904 845926 1 17.468538 0.058798141764139555 2.630644431473566e-05 879 2062
216.14483733069432 -11.02014355530817 0.05641698403065465 979.4738271298231 194.31043424634615 5.073705673217773 58577.309025622904 845926 1 7.114803 0.025941828915739266 2.648547434060312e-05 397 2160
216.14865938177726 -11.031083162268995 0.01182237601536807 3755.154393782352 364.5636568001353 11.08352279663086 58577.309025622904 845926 1 34.571007 0.028254072427615157 7.524077431915242e-06 547 2212
