docs/notebooks/catalog.ecsv
# %ECSV 1.0
# ---
# datatype:
# - {name: ra, unit: deg, datatype: float64}
# - {name: dec, unit: deg, datatype: float64}
# - {name: sigma_x, unit: arcsec, datatype: float64, description: positional uncertainty}
# - {name: flux, datatype: float64}
# - {name: flux_sigma, datatype: float64}
# - {name: significance, datatype: float64, description: Ratio of peak value to configured standard deviation.}
# - {name: time, unit: d, datatype: float64}
# - {name: exposures, datatype: int64}
# - {name: detectors, datatype: int64}
# - {name: peakValue, unit: ct, datatype: float32, description: 'value of [smoothed] image at peak position'}
# - {name: psi, datatype: float64}
# - {name: phi, datatype: float64}
# - {name: i_x, unit: pix, datatype: int32, description: column position of highest pixel}
# - {name: i_y, unit: pix, datatype: int32, description: row position of highest pixel}
# schema: astropy-2.0
ra dec sigma_x flux flux_sigma significance time exposures detectors peakValue psi phi i_x i_y
[from data line 4720]
216.18575184165337 -11.023180327648344 0.005965083797091568 2257.556634840747 178.94862578785435 12.356169700622559 58577.295296105556 845918 1 26.073458 0.07049883152905224 3.122793485711395e-05 447 2700
216.1867937963397 -11.023110226311212 0.010879463786391113 1684.9542607014348 175.0048393800821 9.149311065673828 58577.295296105556 845918 1 18.657032 0.05501587181919956 3.265125534998014e-05 446 2714
216.1955876336075 -11.072162860595517 0.005527032883423129 2551.342740615399 186.79459974485772 12.836484909057617 58577.295296105556 845918 1 28.922192 0.07312067154981902 2.8659681972866523e-05 1119 2835
216.1962608959853 -11.071363249371538 0.012922609763554133 3472.8838246528826 322.9407721215403 8.394928932189941 58577.295296105556 845918 1 41.6913 0.0333000201946427 9.588578793870556e-06 1108 2844
216.19685374313127 -11.071947457499533 0.011137402814336655 1557.3476550989622 168.88262151322948 9.042742729187012 58577.295296105556 845918 1 17.575365 0.05460289254761981 3.506146644189736e-05 1116 2852
216.204404502327 -11.011062861453329 0.007963979938926467 1897.310336986679 171.28026028706913 10.693676948547363 58577.295296105556 845918 1 21.205223 0.06467310978108398 3.408673242343593e-05 280 2950
216.20492594386656 -11.010918545073224 0.01468997347950363 2537.838510255311 288.1640472086633 7.87375020980835 58577.295296105556 845918 1 32.51861 0.030562184492342742 1.2042604117181645e-05 278 2957
216.22675942222574 -11.093143178732454 0.016236610719167228 1420.1103684919226 178.83108762753008 7.489355564117432 58577.295296105556 845918 1 15.83295 0.04440542822428681 3.12689979662939e-05 1406 3255
216.22743061776188 -11.092853494419886 0.006871687887173909 2404.1306520000803 198.67654778298794 11.512255668640137 58577.295296105556 845918 1 28.500654 0.06090666998416348 2.5334176382424598e-05 1402 3264
216.24691523202074 -11.005200190535048 0.007758705876083556 2035.7159639120644 167.09386500802688 10.834216117858887 58577.295296105556 845918 1 20.767796 0.07291152349343535 3.5816157453184304e-05 198 3521
216.24713594835742 -11.005783407091956 0.009817042225001757 1638.112438553659 165.29233712142053 9.631674766540527 58577.295296105556 845918 1 18.197433 0.05995677537255617 3.6601135527359704e-05 206 3524
216.24803166909794 -11.0051301693616 0.006666152740733466 4225.381070487569 410.90451652004424 11.688385009765625 58577.295296105556 845918 1 74.59555 0.025025574292719024 5.9226786590946016e-06 197 3536
216.00158712734452 -11.099428633509952 0.0010149219351765371 7455.82161056322 192.95009374787531 38.84861373901367 58577.2293807636 845880 1 51.475647 0.2002652147302464 2.6860247628043525e-05 1476 216
216.02195016270585 -11.032501019655163 0.015434454719395524 1791.3157457417803 186.6974673479028 9.961992263793945 58577.2293807636 845880 1 12.770901 0.05139197290420452 2.8689511062676e-05 557 485
216.04049613706067 -11.115135207691962 0.008097686568458972 2531.383846280614 187.237791969545 13.753440856933594 58577.2293807636 845880 1 17.678852 0.07220561682888033 2.8524167496356872e-05 1690 740
216.0848498110502 -11.07058593073116 0.001976182617319314 5265.608070834728 190.85383277932206 27.8405818939209 58577.2293807636 845880 1 36.48091 0.14455954034271096 2.7453532127353096e-05 1077 1333
216.1243206836667 -11.064210707723813 0.001789859353312716 5527.0666666893985 190.8621996198559 29.253807067871094 58577.2293807636 845880 1 38.337578 0.15172419913907512 2.745112521502384e-05 988 1863
216.19276778768062 -11.03641563177158 0.05261840670618425 990.0164754275687 189.8757665589205 5.395391941070557 58577.2293807636 845880 1 7.033871 0.02746017759289547 2.7737091527730343e-05 604 2781
216.19595548521528 -11.055508659942621 0.0006827098813962113 7277.455459014729 195.7440674074029 47.36676788330078 58577.2293807636 845880 1 64.51784 0.18993383589154067 2.6098934849029663e-05 866 2825
216.23575729680158 -11.059175573008035 0.004910573618578153 3243.7438960679665 184.75270947998854 17.66142463684082 58577.2293807636 845880 1 22.402832 0.09503091820003776 2.9296677310201115e-05 915 3360
216.24707212860832 -11.005367016228755 0.013064626059865352 2853.4930827505764 249.2642722225022 10.82787799835205 58577.2293807636 845880 1 20.629572 0.04592580268312786 1.6094590507595857e-05 176 3509
216.24796719177914 -11.004786072766285 0.004061358543655597 8403.737513530308 385.00396762890347 19.420310974121094 58577.2293807636 845880 1 67.2693 0.05669464871834092 6.746361202626876e-06 168 3521
216.27847985755483 -11.117124782010942 0.015462922296344436 1801.1845111793345 186.3868115775692 9.952817916870117 58577.2293807636 845880 1 12.737344 0.05184750300100224 2.878522587730606e-05 1709 3937
215.98711003865625 -11.117660304988059 0.03597196923283819 1079.1152317330984 205.6467254978769 5.872020244598389 58577.34887263365 845949 1 10.201629 0.025516683413912167 2.3645930169043618e-05 1765 58
215.99207217456572 -11.032812331550328 0.004740215868713752 5014.914180144017 317.52431165546716 16.175979614257812 58577.34887263365 845949 1 49.915707 0.04974043040876171 9.91850082015427e-06 601 119
215.99356432019695 -11.001098273375776 0.04904091019937744 963.8310632122807 193.42100252143476 5.029101371765137 58577.34887263365 845949 1 8.111483 0.025762835418937133 2.6729617255822922e-05 166 137
215.99436702343598 -11.004235931814698 0.0466651762054241 979.2004992908888 192.06930740763545 5.155528545379639 58577.34887263365 845949 1 8.255494 0.02654334705861626 2.7107162504347425e-05 209 148
215.99699278703548 -11.104857097352312 0.010234609148959965 3063.6613247406835 340.02901488075196 11.008648872375488 58577.34887263365 845949 1 36.005596 0.02649773787987854 8.64904278612499e-06 1589 190
215.99789744152497 -11.058424791973703 0.016252579321446727 2269.4131794040654 299.8089711111158 8.735917091369629 58577.34887263365 845949 1 24.306046 0.02524784554207935 1.1125274926229734e-05 952 199
215.9985062815238 -11.11492123333964 0.004916422258471916 5699.538861541628 395.8403596829691 15.883458137512207 58577.34887263365 845949 1 60.26595 0.03637471288722548 6.3820448936085925e-06 1727 211
216.00193261369412 -11.024094163223301 0.010130054780317213 2141.7281389493232 193.72973400609277 11.065314292907715 58577.34887263365 845949 1 17.870691 0.05706525710708013 2.6644491459627962e-05 481 251
216.00634739591732 -11.002964267588478 0.001292867906198021 5918.631071096154 191.80497298188277 30.973663330078125 58577.34887263365 845949 1 49.535583 0.16087980960314316 2.7181929008686727e-05 191 309
216.00692244030486 -11.038475065925914 0.02781296056168373 1262.0588779469533 192.46618352493567 6.677994251251221 58577.34887263365 845949 1 10.717714 0.03406989122165805 2.6995484772533783e-05 678 319
216.00795028630333 -11.041321980674317 0.04316817865043488 1031.4721844673475 192.71582376888188 5.360283851623535 58577.34887263365 845949 1 8.612688 0.027772998417947614 2.6925591243441627e-05 717 333
216.0085627957749 -11.068080348767724 0.048271205058624755 1014.7875317761088 270.83798091552416 5.069038391113281 58577.34887263365 845949 1 12.437783 0.013834261723549693 1.363266820921281e-05 1084 343
216.0091981323889 -11.04482569917282 0.04003453087515928 1096.6552637588638 192.2572963780816 5.5661163330078125 58577.34887263365 845949 1 8.922528 0.029669106397373957 2.705417771459099e-05 765 350
216.0093057666258 -11.083025361995757 0.009706841602539193 2082.9005175066895 197.84906832480507 11.303961753845215 58577.34887263365 845949 1 18.68702 0.05321088827444295 2.5546533704902235e-05 1289 354
216.00978977881465 -11.045556648434534 0.041205888978188415 1077.7639275670795 192.09223537817198 5.486432075500488 58577.34887263365 845949 1 8.78856 0.029208148156461358 2.7100691913483493e-05 775 358
216.00985818105934 -11.046796347199463 0.03843084364154467 1084.9358776811898 192.08517637592348 5.681064128875732 58577.34887263365 845949 1 9.100808 0.029404674052153433 2.7102683814825455e-05 792 359
216.01250356574423 -11.053584883107835 0.04694839407323697 962.0142545859886 192.30210318414927 5.139954566955566 58577.34887263365 845949 1 8.243402 0.02601437755675983 2.704157181948967e-05 885 395
216.01463262319265 -11.059423509356547 0.04148565046229952 1075.3288479851124 192.97335527469883 5.467901706695557 58577.34887263365 845949 1 8.795784 0.02887663614483465 2.685377240547576e-05 965 424
216.0147785575402 -11.060007144909427 0.045940552901611004 1033.2174521740878 191.97897575798967 5.196028709411621 58577.34887263365 845949 1 8.316537 0.028033956341489905 2.7132677910638344e-05 973 426
216.0150732983255 -11.06059121840785 0.036975858285306154 1116.5386147525678 192.2307994540303 5.791759490966797 58577.34887263365 845949 1 9.283231 0.030215362104582873 2.706163647665584e-05 981 430
216.01602662155793 -11.123497159582495 0.007392259546712784 2456.8388222644576 194.96268599202793 12.95331859588623 58577.34887263365 845949 1 21.07788 0.06463588017176519 2.630855536228892e-05 1844 447
216.02078658518894 -11.108420569240737 0.006851668520173982 2586.865575185536 192.57368287537952 13.454621315002441 58577.34887263365 845949 1 21.604662 0.06975574624918107 2.6965354102011283e-05 1637 510
216.02122048078203 -11.019562361357911 0.018036016329304176 1840.1911783362948 244.35830390669022 8.292764663696289 58577.34887263365 845949 1 17.73067 0.030818304391060803 1.6747338403677948e-05 418 510
216.0274046123743 -11.09451823108984 0.049402845636522565 827.428113095116 192.20787050819945 5.010645389556885 58577.34887263365 845949 1 8.032471 0.02239690141315675 2.7068093359044642e-05 1446 598
216.0292376459887 -11.099988864658673 0.02262416449495426 1443.2224206113433 192.34999913814121 7.404289245605469 58577.34887263365 845949 1 11.873548 0.039007569384549856 2.702810656726522e-05 1521 623
216.03004221201326 -11.08796649413661 0.00046920806715668693 10327.300244332031 200.99963349559565 51.41465377807617 58577.34887263365 845949 1 86.18814 0.2556208486457458 2.4751952843245658e-05 1356 633
216.02989940765596 -11.101593895274377 0.027126043057700118 1290.7860348755294 192.1731756541635 6.762019634246826 58577.34887263365 845949 1 10.835546 0.03495173382059072 2.7077867962803855e-05 1543 632
216.03164553743954 -11.001370062668181 0.005472695175060036 5494.63108428269 383.3142402346501 15.054593086242676 58577.34887263365 845949 1 56.62793 0.03739629966987215 6.805970973527906e-06 168 649
216.0341072455164 -10.999920150130649 0.03892858064912775 1046.4709985423121 192.04176296670562 5.644628524780273 58577.34887263365 845949 1 9.039199 0.028374997282187293 2.7114938991823385e-05 148 682
216.03603315521892 -11.095342926427326 0.03165452445241511 1250.6487301304348 222.1290556025161 6.259674549102783 58577.34887263365 845949 1 11.650679 0.025346885682841772 2.0266990300464504e-05 1457 714
216.03762437238828 -11.043890546614973 0.04870091562241896 1020.2191686238758 289.86065289840195 5.04662561416626 58577.34887263365 845949 1 13.261391 0.01214269109573671 1.1902041707484675e-05 751 732
216.03764529562562 -11.085509363267713 0.02083943780979709 1833.0205903648243 312.63805039903633 7.714835166931152 58577.34887263365 845949 1 21.467495 0.018753557994069848 1.0230958720620452e-05 1322 735
216.03832618478177 -11.052859144620347 0.049239323835779246 1110.8049694710653 237.17651354834888 5.018958568572998 58577.34887263365 845949 1 10.32211 0.01974669655913594 1.7776924934481318e-05 874 742
216.05547916971247 -11.044670986786167 0.04862483966396617 1172.824181582338 265.7529297410133 5.050571918487549 58577.34887263365 845949 1 12.075244 0.01660644952326855 1.4159368287294044e-05 761 972
216.05680153914025 -11.079512349940574 0.007917133506087403 4503.665402184343 464.57412874866236 12.516579627990723 58577.34887263365 845949 1 55.008038 0.02086681064713159 4.633295057179622e-06 1239 992
216.05854536070626 -11.041326520893561 0.006072895147223771 6302.801344809789 465.4096729162644 14.291300773620605 58577.34887263365 845949 1 68.463615 0.029097977817325482 4.616673797165921e-06 715 1013
216.06282242558808 -11.065682629069958 0.0018164872754594687 5111.815328090621 196.83924479065405 26.13084602355957 58577.34887263365 845949 1 42.883965 0.131932495039513 2.5809323414817642e-05 1049 1072
216.063853498614 -11.067944572445748 0.0068481935473629916 3982.4562538912687 395.8712357246413 13.45803451538086 58577.34887263365 845949 1 51.18714 0.025412250070163695 6.381049395164935e-06 1080 1086
216.06956103669762 -11.007244125702648 0.03297810796366772 1364.952814304583 215.3006583913188 6.1327714920043945 58577.34887263365 845949 1 11.234274 0.029446041681365664 2.157293744719509e-05 247 1159
216.0840780998346 -11.005391984017006 0.03307107406891689 1009.0316129634309 220.5325910674828 6.1241455078125 58577.34887263365 845949 1 11.663127 0.020747186586899412 2.056148322842619e-05 221 1354
216.0870094255932 -11.065747264487594 0.04230001035768639 1052.0471215963837 195.61025100367456 5.415011882781982 58577.34887263365 845949 1 8.836171 0.027494889065197075 2.613465547386902e-05 1049 1397
216.08749858919552 -11.08797103673959 0.00290561359302991 5808.610042352787 419.43406871785066 20.66097068786621 58577.34887263365 845949 1 78.78903 0.033017547758424186 5.6842424465888875e-06 1354 1405
216.08912220700736 -11.025959635493097 0.03433267956659318 1313.995390614873 237.5342248918552 6.0105719566345215 58577.34887263365 845949 1 12.393288 0.02328849668880211 1.7723423426854227e-05 503 1423
216.09351176923985 -11.075746585434795 0.0245824396589414 1301.3738953720767 194.84092814301798 7.103250980377197 58577.34887263365 845949 1 11.5550995 0.03428007089606116 2.6341446541971796e-05 1186 1485
216.1003628284993 -11.074962797527006 0.023535703896592108 1734.4866627845113 248.1541909705616 7.259489059448242 58577.34887263365 845949 1 15.5977125 0.028166166115484736 1.6238906138527073e-05 1175 1577
216.10078881051373 -10.995677074614731 0.04483079465551514 976.4423585301172 224.49920980730838 5.259947776794434 58577.34887263365 845949 1 10.142103 0.01937389660386775 1.984131109698288e-05 87 1578
216.10642231181862 -11.051880257454254 0.001602648056314411 5496.854236685022 197.17109355940946 27.819580078125 58577.34887263365 845949 1 45.717216 0.14139294178012507 2.5722519770761583e-05 858 1657
216.1064412378525 -11.126848078424496 0.038832313226476685 875.6389094758983 284.42436389516655 5.651620864868164 58577.34887263365 845949 1 14.415412 0.010824091640132021 1.2361364396895785e-05 1887 1662
216.110606932277 -11.013265577863665 0.005222364962947686 4150.672607023083 297.7411668503492 15.411185264587402 58577.34887263365 845949 1 42.890675 0.046821002336172465 1.1280340987855726e-05 328 1711
216.11490741510715 -11.068224464654426 0.04894796199031867 1078.5393665684792 248.14645651726983 5.033874034881592 58577.34887263365 845949 1 10.789935 0.01751539136049887 1.6239918452143744e-05 1082 1772
216.1183882533949 -11.119007280087928 0.004782585249042585 4750.801531919471 358.6623581875155 16.104167938232422 58577.34887263365 845949 1 53.665607 0.03693135895617911 7.773711174429486e-06 1779 1822
216.11916240525585 -11.081567340952107 0.03856059170177524 1158.7640266307967 233.56071498684105 5.6714982986450195 58577.34887263365 845949 1 11.318626 0.021242000372254963 1.8331601503041007e-05 1265 1830
216.12083587468663 -11.120907216364696 0.0023782765990938404 8402.736762934706 532.2313592581216 22.83696937561035 58577.34887263365 845949 1 124.414154 0.029663325603120037 3.530198129491319e-06 1805 1855
216.12113217779404 -11.005498250164832 0.006203465469657874 3861.438596795336 312.92809835768213 14.14009952545166 58577.34887263365 845949 1 41.605305 0.0394330174844144 1.0212001692100046e-05 221 1852
216.12316101318413 -11.117197323596917 0.014639686253025381 2107.660149491492 371.26727084609564 9.204575538635254 58577.34887263365 845949 1 31.868334 0.015290695965173212 7.254820455215394e-06 1754 1886
