docs/notebooks/catalog.ecsv
# %ECSV 1.0
# ---
# datatype:
# - {name: ra, unit: deg, datatype: float64}
# - {name: dec, unit: deg, datatype: float64}
# - {name: sigma_x, unit: arcsec, datatype: float64, description: positional uncertainty}
# - {name: flux, datatype: float64}
# - {name: flux_sigma, datatype: float64}
# - {name: significance, datatype: float64, description: Ratio of peak value to configured standard deviation.}
# - {name: time, unit: d, datatype: float64}
# - {name: exposures, datatype: int64}
# - {name: detectors, datatype: int64}
# - {name: peakValue, unit: ct, datatype: float32, description: 'value of [smoothed] image at peak position'}
# - {name: psi, datatype: float64}
# - {name: phi, datatype: float64}
# - {name: i_x, unit: pix, datatype: int32, description: column position of highest pixel}
# - {name: i_y, unit: pix, datatype: int32, description: row position of highest pixel}
# schema: astropy-2.0
ra dec sigma_x flux flux_sigma significance time exposures detectors peakValue psi phi i_x i_y
[from data line 2202]
216.11024102605487 -11.013682497607201 0.019130382781958225 2200.534732031245 265.5053922391995 8.307765007019043 58577.34333931329 845946 1 18.865126 0.031216307930872277 1.4185782881080671e-05 332 1753
216.11785695672995 -11.024562204694366 0.025075128956652683 1434.0373227740445 197.81022882932857 7.256453990936279 58577.34333931329 845946 1 11.344967 0.03664907045150837 2.555656667332292e-05 481 1856
216.12054558827364 -11.005549399235496 0.021029747008723742 1959.9937018436349 291.93461084875156 7.923717975616455 58577.34333931329 845946 1 20.55322 0.02299765224405165 1.1733533746776482e-05 220 1891
216.12484264022336 -11.026548731319908 0.04476471046799289 1121.9527652723816 224.7201326858133 5.430979251861572 58577.34333931329 845946 1 9.819785 0.02221726565926082 1.9802318196405562e-05 508 1950
216.13322678736372 -11.01469210997106 0.036494929488450366 1201.8215041557721 203.45514157647466 6.014918804168701 58577.34333931329 845946 1 9.650475 0.029033716479526038 2.415809367624935e-05 345 2062
216.1546166532375 -11.042369085324493 0.005122429279147501 2926.069599090204 198.4285496914876 16.054916381835938 58577.34333931329 845946 1 25.203562 0.07431497494108474 2.5397541796063676e-05 724 2351
216.17323496080817 -11.092251017681773 0.012941440239674775 4255.227882157118 495.29037000203056 10.100775718688965 58577.34333931329 845946 1 45.66893 0.017346148297178073 4.076432279905236e-06 1408 2604
216.17395750883554 -11.025584761728139 0.043374643767450226 1080.5851226144816 194.55068853015015 5.5173187255859375 58577.34333931329 845946 1 8.458879 0.02854916690763855 2.6420099916389447e-05 493 2610
216.19255352321775 -11.08341242294064 0.004406605571851517 8542.092829798059 502.71775941665794 17.30987548828125 58577.34333931329 845946 1 86.279686 0.033799932366864086 3.956867835591426e-06 1286 2863
216.1962491949357 -11.07191191254366 0.006038817179097251 8343.355897000634 475.0274676296552 14.786660194396973 58577.34333931329 845946 1 70.06391 0.03697458634935011 4.431620418187142e-06 1128 2912
216.20183879650583 -11.070177283920005 0.004270142953337289 3396.0305372384437 195.21184498678357 17.58428955078125 58577.34333931329 845946 1 27.055996 0.08911673251683 2.6241440275533335e-05 1104 2987
216.2050639225879 -11.117382511672746 0.003386349472645504 10405.604044126698 440.52403693277176 19.74604606628418 58577.34333931329 845946 1 87.70108 0.0536201562504799 5.15300755468829e-06 1752 3033
216.20713518362192 -11.085414785840769 0.04062203653055585 1357.2362164510612 284.07752606181987 5.701185703277588 58577.34333931329 845946 1 13.752823 0.016818284139276794 1.2391567462923816e-05 1313 3059
216.20833654133642 -11.064656382266536 0.05241238236745264 951.2193932159034 209.0084998791445 5.019137382507324 58577.34333931329 845946 1 8.400534 0.021774731052936057 2.2891386790716668e-05 1028 3074
216.21268944687088 -11.092274727626995 0.00661399914055529 4394.412042158837 327.76495068190155 14.129082679748535 58577.34333931329 845946 1 41.96367 0.04090493949929938 9.308398736137649e-06 1407 3134
216.22630626272866 -11.036429284459354 0.04540635190861742 1015.0815695645705 203.013336024399 5.392469882965088 58577.34333931329 845946 1 8.676537 0.02462928514995999 2.4263355663648755e-05 640 3314
216.2272041133039 -11.09274638075795 0.017812594005435823 3398.0894320328316 375.080724975454 8.609589576721191 58577.34333931329 845946 1 31.048254 0.02415379138824124 7.108050529968474e-06 1413 3329
216.2481625169207 -11.005302258402923 0.008273246559743045 5230.001783609807 361.62326563921874 12.633045196533203 58577.34333931329 845946 1 45.191303 0.0399934720700179 7.646932778369714e-06 212 3606
216.2540892196656 -11.030084618456696 0.0026954569867386276 12963.232916521949 486.2628518150985 22.13246726989746 58577.34333931329 845946 1 111.48702 0.05482405300545809 4.229196016032662e-06 552 3687
216.254818915716 -11.014787207588524 0.0411851456020923 1359.472492461615 237.8871419006177 5.662076473236084 58577.34333931329 845946 1 11.437943 0.024023068933725356 1.767087533358359e-05 342 3696
216.25527231150346 -11.072781708453013 0.027804565549816435 1698.5148359111863 252.45353748919368 6.8910908699035645 58577.34333931329 845946 1 14.625072 0.0266505651716637 1.5690510679211538e-05 1138 3705
216.2557772400811 -11.057047173616628 0.0013252742614536285 5806.907829964008 200.00006983410745 31.5640811920166 58577.34333931329 845946 1 49.882515 0.145172594369097 2.4999982541482287e-05 922 3711
216.25676643142017 -11.109636975270469 0.01883912664130272 1848.0580025460374 237.573761908138 8.37173843383789 58577.34333931329 845946 1 16.375685 0.03274301359327787 1.7717524854830526e-05 1644 3727
216.25987237151574 -11.095953293959932 0.012284765896370111 2282.0851478542727 269.5518202056352 10.367226600646973 58577.34333931329 845946 1 22.603062 0.03140850802002435 1.3763074550288431e-05 1456 3768
216.26115649077371 -11.110302082623665 0.007671371612972604 2510.3821916499132 194.61280735423517 13.11926555633545 58577.34333931329 845946 1 20.123035 0.06628221457711177 2.6403236446458663e-05 1653 3786
216.26949379327345 -11.050885749576693 0.007900984096490656 4884.439008409473 332.7442652669354 12.927228927612305 58577.34333931329 845946 1 39.70686 0.04411573633075796 9.031894195997635e-06 837 3895
216.27163938193598 -11.054460569996996 0.014045501777807789 1858.4430049498887 194.80548149481254 9.695660591125488 58577.34333931329 845946 1 14.887367 0.04897189397573108 2.6351033550825288e-05 886 3924
216.27526828872348 -11.059495587935292 0.008493871629026543 3977.2843690359155 312.38440675215924 12.467896461486816 58577.34333931329 845946 1 35.068565 0.04075753865839696 1.0247579724422996e-05 955 3973
216.27556426271858 -11.0020930313396 0.012347737003209337 1973.4544425115032 197.4661200655284 10.340757369995117 58577.34333931329 845946 1 16.11 0.05061065047778657 2.5645715141707184e-05 167 3974
215.99657610723202 -11.104802926376845 0.005497878281716399 5734.775989533191 402.1228960243364 15.708876609802246 58577.22595066577 845878 1 55.370926 0.03546490942556091 6.18418391412142e-06 1549 145
215.9970847375194 -11.007632873223441 0.040365885836221416 955.7401962297763 177.0235979760172 5.797429084777832 58577.22595066577 845878 1 7.8960104 0.030498432921258416 3.191079860569772e-05 216 145
215.99749463761412 -11.05808302152412 0.007650851112571924 2943.459016009929 265.9506011661293 13.31643009185791 58577.22595066577 845878 1 30.895187 0.041615588495651695 1.4138327820872677e-05 908 154
215.9981021537456 -11.027399455492787 0.03980321323464844 1306.717213534634 258.89002908953313 5.838262557983398 58577.22595066577 845878 1 12.109677 0.019496244540062553 1.4920018147863643e-05 487 160
215.99823208608743 -11.114718174506397 0.008548872287673826 3419.1691981137224 357.60755511280763 12.597613334655762 58577.22595066577 845878 1 41.38326 0.026736664195950225 7.819637650777924e-06 1685 168
216.00218388555163 -11.09964597065588 0.0008185231015869242 7493.110889428397 184.12985980668515 40.71244812011719 58577.22595066577 845878 1 57.679237 0.2210109109941642 2.9495214238184557e-05 1478 220
216.00383140030095 -11.111311139811532 0.010419735065897221 1893.0858371250574 180.38086469356074 11.410754203796387 58577.22595066577 845878 1 15.857021 0.058182097989491 3.0733998875534077e-05 1638 243
216.0054163708651 -11.093387700528266 0.045649277171648905 886.2149405837627 284.2790419159447 5.451622009277344 58577.22595066577 845878 1 12.503734 0.010966028778095398 1.2374005758548729e-05 1392 263
216.00867597151594 -11.067667109019862 0.009022248522029978 2691.1303263677746 262.8187270857476 12.262677192687988 58577.22595066577 845878 1 27.327518 0.038960284112952714 1.4477293697454447e-05 1039 305
216.01313393498708 -11.136385766398298 0.018039301562574616 1406.1331291739273 185.28460168291178 8.672270774841309 58577.22595066577 845878 1 12.423701 0.04095885279656988 2.9128716155512472e-05 1982 370
216.01506673228022 -11.025850140495969 0.0225217025209154 1892.9100946847182 295.19700730952775 7.7614359855651855 58577.22595066577 845878 1 19.50364 0.02172231397147779 1.14756184313634e-05 465 388
216.0191412389843 -11.100790927563008 0.039033736764402686 1263.3674172246613 238.7712443720396 5.895526885986328 58577.22595066577 845878 1 11.577434 0.02215978928933079 1.7540257083731783e-05 1493 448
216.02179124652952 -11.019673911379952 0.029926830990199348 1406.0667908955745 236.55814375780383 6.733057498931885 58577.22595066577 845878 1 13.024712 0.02512639273339092 1.7869985192799423e-05 380 478
216.02246935279385 -11.03279842700187 0.012954940151112015 1753.0607291168235 177.09114384720522 10.233518600463867 58577.22595066577 845878 1 13.943564 0.055898901690302566 3.1886460498412934e-05 560 488
216.02468188139602 -11.021724497813901 0.0010447071915378997 6597.906931559349 182.592351718188 36.0367317199707 58577.22595066577 845878 1 50.705536 0.19789782485885493 2.9994030972498696e-05 408 517
216.03096755859445 -11.029107016867627 0.03339951822514489 1062.9485811399504 181.97910485777743 6.373420715332031 58577.22595066577 845878 1 8.972783 0.03209735219741176 3.0196523864766088e-05 509 602
216.03666968370032 -11.120657427521525 0.010061529669555723 2567.2317598755935 241.21473764241767 11.61209774017334 58577.22595066577 845878 1 22.976738 0.04412222445748973 1.7186693132694752e-05 1765 685
216.03699380567295 -11.043629625869448 0.018092017941400473 1784.571422794075 237.15247172349083 8.659626960754395 58577.22595066577 845878 1 17.25015 0.031730624761151884 1.7780529462626803e-05 708 684
216.03715203195495 -11.08553791872897 0.05410156794512974 1130.7925887738133 238.18428571422726 5.007693767547607 58577.22595066577 845878 1 9.970062 0.019932269140616597 1.7626812678557045e-05 1283 689
216.0410899801304 -11.115280202529839 0.007652546677838018 2350.6126334505384 178.07935415333068 13.31495475769043 58577.22595066577 845878 1 18.23677 0.0741231593742459 3.153354930516058e-05 1691 744
216.04185003541374 -11.098087185491263 0.008622110287373407 2157.1725707071982 180.50458112413443 12.54399585723877 58577.22595066577 845878 1 17.439466 0.06620768950453525 3.06918836274791e-05 1455 753
216.0431062638666 -11.026300752055391 0.04696228779948969 977.7597443208501 196.33611792469893 5.374871253967285 58577.22595066577 845878 1 8.225887 0.025364818181624584 2.5941769774171808e-05 470 765
216.04507629757597 -11.107350556882022 0.0060111033081512825 2561.0400751208363 178.7438392102335 15.023308753967285 58577.22595066577 845878 1 20.671963 0.08015935438653138 3.129953145412973e-05 1582 797
216.04603376225 -11.004722148158274 0.0321132655782803 1437.5378208551983 267.6720665533231 6.499806880950928 58577.22595066577 845878 1 14.589571 0.02006379934136755 1.3957058416335437e-05 174 803
216.0541213873433 -11.127474589664724 0.042095975527057294 1014.1163130513626 192.6824914471814 5.677045822143555 58577.22595066577 845878 1 8.49767 0.027315129405605286 2.6934907814880835e-05 1858 920
216.05695108623155 -11.084282129335518 0.0003757276814016108 11342.932615432514 188.8908520009111 60.090538024902344 58577.22595066577 845878 1 87.37651 0.31790949637958243 2.8027099089617602e-05 1265 955
216.0580601854452 -11.041068008293061 0.002181972020261021 11216.005600287925 439.18053353997675 24.935501098632812 58577.22595066577 845878 1 107.23921 0.05815031257221441 5.184583054302473e-06 672 967
216.06328379288632 -11.06775578230841 0.0054028210090026245 4871.379808827009 288.10286791540057 15.846465110778809 58577.22595066577 845878 1 41.562862 0.058689016094562535 1.2047719208470917e-05 1038 1039
216.06990434389203 -11.00632606446243 0.0015145777948908134 19589.649014473674 618.263669321408 29.929323196411133 58577.22595066577 845878 1 179.06589 0.05124826898174158 2.6160891879112873e-06 195 1124
216.08329729607846 -11.005708988616155 0.0013461818936489406 13531.266629308575 476.8220604064984 31.746131896972656 58577.22595066577 845878 1 145.0311 0.059514908696826525 4.398325029522209e-06 186 1304
216.08544357164112 -11.070732124680577 0.0015285943038097034 5419.504683036145 181.78142778917234 29.79178810119629 58577.22595066577 845878 1 41.65673 0.16400631678214778 3.026223361251295e-05 1078 1337
216.0877418559976 -11.087863967840464 0.0042795926221827684 4954.7564570318 306.0505074419954 17.80497932434082 58577.22595066577 845878 1 49.010323 0.05289761659435652 1.0676128494526531e-05 1313 1369
216.08960378399595 -11.026071986013818 0.03930199340960869 1232.6839560714805 218.44044421369733 5.875372409820557 58577.22595066577 845878 1 10.3633585 0.02583364227032118 2.0957230880697166e-05 465 1390
216.0897894060494 -11.049319895091282 0.05402633010997506 973.9043243503666 212.6588775768329 5.011179447174072 58577.22595066577 845878 1 8.543736 0.02153521736011129 2.2112251503222505e-05 784 1394
216.09411882619375 -11.046490050797098 0.017933428966621656 2029.1903973845579 228.5515528474323 8.697832107543945 58577.22595066577 845878 1 16.732166 0.03884672809110313 1.914395422981157e-05 745 1452
216.09427684129915 -11.090796139752008 0.013459423341611163 1934.8122201145372 209.7900525114268 10.039901733398438 58577.22595066577 845878 1 17.000385 0.04396114934728777 2.2721145178980394e-05 1353 1457
216.09508682357753 -11.046347005359824 0.04419542775207595 1285.7863956118235 233.7602906378724 5.54056453704834 58577.22595066577 845878 1 11.128021 0.023530293768496226 1.8300313215944132e-05 743 1465
216.10682850033723 -11.126370332079155 0.006563266410003323 2945.5329396954494 225.62900273061302 14.377476692199707 58577.22595066577 845878 1 26.961704 0.0578594147063922 1.9643105641987665e-05 1841 1628
216.10997378197317 -11.013153565233965 0.01166773352868508 2748.0410222873793 274.0551239873581 10.783244132995605 58577.22595066577 845878 1 25.730818 0.03658873196096679 1.3314478082467462e-05 287 1663
216.11514937589985 -11.067897411607433 0.03026250591294117 1234.9568857467875 211.99631091775007 6.695611476898193 58577.22595066577 845878 1 11.425379 0.027478637118562188 2.2250685376717144e-05 1038 1736
216.1163656616875 -11.031103626517641 0.013269259478355444 2355.90406503407 294.63312141735946 10.111587524414062 58577.22595066577 845878 1 26.707726 0.02713903917421287 1.1519585868119973e-05 533 1750
216.11900021390505 -11.118976625669461 0.0029692140618120255 5418.772970231087 267.4352201312192 21.375778198242188 58577.22595066577 845878 1 47.964504 0.07576414957231811 1.398179070954639e-05 1739 1791
216.1206465600282 -11.005161553637098 0.005721306573226264 3834.495989190347 287.7413168353968 15.399090766906738 58577.22595066577 845878 1 39.13138 0.04631309812980924 1.2078014492743867e-05 177 1806
216.12017997022332 -11.121236147932006 0.05007682216151043 1067.0848242751945 201.37530307704358 5.205042839050293 58577.22595066577 845878 1 8.3357725 0.026313979344233178 2.46596884761309e-05 1770 1807
216.12137321101343 -11.120802374414621 0.0008694461783712665 13058.906650407438 327.9398053621739 39.50220489501953 58577.22595066577 845878 1 129.08917 0.12142791788261943 9.298475066351048e-06 1764 1823
216.12377010599334 -11.117823704479658 0.04564161993230743 923.2304592956108 198.96288931356096 5.4520792961120605 58577.22595066577 845878 1 8.4829235 0.023322009406231997 2.5261308453823966e-05 1723 1855
216.1248395292827 -11.0645715231259 0.0013194886827360788 5810.838027904369 181.6847559910575 32.065635681152344 58577.22595066577 845878 1 44.81559 0.1760361209598753 3.029444636290461e-05 992 1866
216.14254135213656 -11.034674073199326 0.006248894076433734 3851.742006708763 279.66133670401484 14.73469352722168 58577.22595066577 845878 1 36.659344 0.04924842337962686 1.2786013002389187e-05 581 2102
216.14813778681042 -11.03126494243715 0.027714565273072766 1900.4917545371836 351.21774542199114 6.996625900268555 58577.22595066577 845878 1 22.633944 0.01540682282551099 8.106755942891702e-06 534 2177
